
The steps taken by the program are:

Start Node
[[ 1  6  2  3]
 [ 9  5  7  4]
 [ 0 10 11  8]
 [13 14 15 12]]

Step 1
[[ 1  6  2  3]
 [ 0  5  7  4]
 [ 9 10 11  8]
 [13 14 15 12]]

Step 2
[[ 1  6  2  3]
 [ 5  0  7  4]
 [ 9 10 11  8]
 [13 14 15 12]]

Step 3
[[ 1  0  2  3]
 [ 5  6  7  4]
 [ 9 10 11  8]
 [13 14 15 12]]

Step 4
[[ 1  2  0  3]
 [ 5  6  7  4]
 [ 9 10 11  8]
 [13 14 15 12]]

Step 5
[[ 1  2  3  0]
 [ 5  6  7  4]
 [ 9 10 11  8]
 [13 14 15 12]]

Step 6
[[ 1  2  3  4]
 [ 5  6  7  0]
 [ 9 10 11  8]
 [13 14 15 12]]

Step 7
[[ 1  2  3  4]
 [ 5  6  7  8]
 [ 9 10 11  0]
 [13 14 15 12]]

Step 8
[[ 1  2  3  4]
 [ 5  6  7  8]
 [ 9 10 11 12]
 [13 14 15  0]]     Solved!!!!!!!!!!

Puzzle solved in 0.0005 seconds with 8 steps.
